0 A -21.2534966642 0.180572754828 0.415037932087 0.616671736804
0 C 0.415037932087 -21.2534966642 0.415037932087 0.415037932087
0 G 0.415037932087 0.180572754828 -21.2534966642 0.616671736804
0 T 0.415037932087 0.180572754828 0.415037932087 -2.3219252095
1 A -0.281583639884 -0.151619922819 0.0828452346636 0.284479024763
1 C 0.0828452346636 -0.516048769734 0.0828452346636 0.24184966583
1 G 0.0828452346636 -0.151619922819 -0.281583639884 0.284479024763
1 T 0.0828452346636 -0.151619922819 0.0828452346636 -0.0268617664274
2 A 0.561859874794 -0.48381256633 -0.249347433744 -0.0477136620463
2 C -0.249347433744 0.327394690145 -0.249347433744 0.0877377114301
2 G -0.249347433744 -0.48381256633 0.561859874794 -0.0477136620463
2 T -0.249347433744 -0.48381256633 -0.249347433744 0.680200555221
3 A 0.996570583618 -0.816005166864 -0.581540065621 -0.379906317091
3 C -0.581540065621 0.76210538102 -0.581540065621 -0.0476102111331
3 G -0.581540065621 -0.816005166864 0.996570583618 -0.379906317091
3 T -0.581540065621 -0.816005166864 -0.581540065621 1.06728688781
4 A 1.26757877433 -1.1481977133 -0.913732651511 -0.712098932145
4 C -0.913732651511 1.03311356299 -0.913732651511 -0.164972277944
4 G -0.913732651511 -1.1481977133 1.26757877433 -0.712098932145
4 T -0.913732651511 -1.1481977133 -0.913732651511 1.31451854956
5 A 1.45158795638 -1.48039019161 -1.2459251795 -1.04429149686
5 C -1.2459251795 1.21712273998 -1.2459251795 -0.265516656757
5 G -1.2459251795 -1.48039019161 1.45158795638 -1.04429149686
5 T -1.2459251795 -1.48039019161 -1.2459251795 1.48456862654
6 A 1.5826744135 -1.81258258418 -1.57811763461 -1.37648399819
6 C -1.57811763461 1.34820919386 -1.57811763461 -0.350696509514
6 G -1.57811763461 -1.81258258418 1.5826744135 -1.37648399819
6 T -1.57811763461 -1.81258258418 -1.57811763461 1.60667131467
7 A 1.67892621179 -2.1447748688 -1.91030999796 -1.70867641973
7 C -1.91030999796 1.44446098996 -1.91030999796 -0.422134449486
7 G -1.91030999796 -2.1447748688 1.67892621179 -1.70867641973
7 T -1.91030999796 -2.1447748688 -1.91030999796 1.69679540836
8 A 1.75105365943 -2.47696701752 -2.2425022458 -2.04086874082
8 C -2.2425022458 1.51658843604 -2.2425022458 -0.4815134033
8 G -2.2425022458 -2.47696701752 1.75105365943 -2.04086874082
8 T -2.2425022458 -2.47696701752 -2.2425022458 1.76457587865
9 A 1.8058827192 -2.80915899515 -2.5746943482 -2.37306093546
9 C -2.5746943482 1.57141749469 -2.5746943482 -0.530485741383
9 G -2.5746943482 -2.80915899515 1.8058827192 -2.37306093546
9 T -2.5746943482 -2.80915899515 -2.5746943482 1.8162346323
10 A 1.84799706685 -3.14135075739 -2.90688626753 -2.70525297089
10 C -2.90688626753 1.61353184151 -2.90688626753 -0.570606350698
10 G -2.90688626753 -3.14135075739 1.84799706685 -2.70525297089
10 T -2.90688626753 -3.14135075739 -2.90688626753 1.85598985672
11 A 1.880595065 -3.47354224847 -3.23907795637 -3.0374448059
11 C -3.23907795637 1.64612983902 -3.23907795637 -0.603289986173
11 G -3.23907795637 -3.47354224847 1.880595065 -3.0374448059
11 T -3.23907795637 -3.47354224847 -3.23907795637 1.88680595508
12 A 1.90597369752 -3.80573339818 -3.57126935505 -3.3696363886
12 C -3.57126935505 1.67150847105 -3.57126935505 -0.629789720798
12 G -3.57126935505 -3.80573339818 1.90597369752 -3.3696363886
12 T -3.57126935505 -3.80573339818 -3.57126935505 1.91082344489
13 A 1.92581926274 -4.13792411814 -3.90346038844 -3.70182765365
13 C -3.90346038844 1.69135403591 -3.90346038844 -0.651191681953
13 G -3.90346038844 -4.13792411814 1.92581926274 -3.70182765365
13 T -3.90346038844 -4.13792411814 -3.90346038844 1.92962030704
14 A 1.94139088896 -4.47011429707 -4.23565096195 -4.03401851881
14 C -4.23565096195 1.70692566183 -4.23565096195 -0.66842105874
14 G -4.23565096195 -4.47011429707 1.94139088896 -4.03401851881
14 T -4.23565096195 -4.47011429707 -4.23565096195 1.94437859504
15 A 1.95364120109 -4.80230379489 -4.56784095651 -4.36620888053
15 C -4.56784095651 1.71917597375 -4.56784095651 -0.682255001715
15 G -4.56784095651 -4.80230379489 1.95364120109 -4.36620888053
15 T -4.56784095651 -4.80230379489 -4.56784095651 1.95599487136
16 A 1.96329837923 -5.13449243524 -4.90003022223 -4.69839860848
16 C -4.90003022223 1.72883315171 -4.90003022223 -0.693339016674
16 G -4.90003022223 -5.13449243524 1.96329837923 -4.69839860848
16 T -4.90003022223 -5.13449243524 -4.90003022223 1.96515581255
17 A 1.97092354511 -5.46667999612 -5.23221857038 -5.03058753854
17 C -5.23221857038 1.73645831745 -5.23221857038 -0.702204454326
17 G -5.23221857038 -5.46667999612 1.97092354511 -5.03058753854
17 T -5.23221857038 -5.46667999612 -5.23221857038 1.97239137754
18 A 1.97695183926 -5.79886619802 -5.56440576341 -5.36277546413
18 C -5.56440576341 1.74248661149 -5.56440576341 -0.709285552573
18 G -5.56440576341 -5.79886619802 1.97695183926 -5.36277546413
18 T -5.56440576341 -5.79886619802 -5.56440576341 1.9781130417
19 A 1.98172239708 -6.13105068909 -5.89659150221 -5.69496212519
19 C -5.89659150221 1.74725716922 -5.89659150221 -0.714935142658
19 G -5.89659150221 -6.13105068909 1.98172239708 -5.69496212519
19 T -5.89659150221 -6.13105068909 -5.89659150221 1.98264180503
20 A 1.98550057603 -6.46323302638 -6.22877541029 -6.02714719429
20 C -6.22877541029 1.75103534811 -6.22877541029 -0.719438591398
20 G -6.22877541029 -6.46323302638 1.98550057603 -6.02714719429
20 T -6.22877541029 -6.46323302638 -6.22877541029 1.98622902588
21 A 1.98849465496 -6.79541265227 -6.56095701365 -6.35933025928
21 C -6.56095701365 1.75402942698 -6.56095701365 -0.723025853105
21 G -6.56095701365 -6.79541265227 1.98849465496 -6.35933025928
21 T -6.56095701365 -6.79541265227 -6.56095701365 1.98907211386
22 A 1.99086851613 -7.12758886475 -6.89313571558 -6.69151080125
22 C -6.89313571558 1.75640328812 -6.89313571558 -0.725881686613
22 G -6.89313571558 -7.12758886475 1.99086851613 -6.69151080125
22 T -6.89313571558 -7.12758886475 -6.89313571558 1.99132647288
23 A 1.99275136143 -7.45976078012 -7.2253107649 -7.02368816701
23 C -7.2253107649 1.75828613338 -7.2253107649 -0.728154191379
23 G -7.2253107649 -7.45976078012 1.99275136143 -7.02368816701
23 T -7.2253107649 -7.45976078012 -7.2253107649 1.99311466688
24 A 1.99424520942 -7.79192728589 -7.55748121596 -7.35586153422
24 C -7.55748121596 1.75977998134 -7.55748121596 -0.729961860531
24 G -7.55748121596 -7.79192728589 1.99424520942 -7.35586153422
24 T -7.55748121596 -7.79192728589 -7.55748121596 1.99453350203
25 A 1.99543071371 -8.12408698166 -7.88964587836 -7.68802986771
25 C -7.88964587836 1.76096548561 -7.88964587836 -0.731399359042
25 G -7.88964587836 -8.12408698166 1.99543071371 -7.68802986771
25 T -7.88964587836 -8.12408698166 -7.88964587836 1.99565952929
26 A 1.9963716995 -8.45623810451 -8.22180325354 -8.02019186432
26 C -8.22180325354 1.76190647139 -8.22180325354 -0.732542226308
26 G -8.22180325354 -8.45623810451 1.9963716995 -8.02019186432
26 T -8.22180325354 -8.45623810451 -8.22180325354 1.99655333864
27 A 1.99711871395 -8.78837843536 -8.55395145512 -8.35234588364
27 C -8.55395145512 1.76265348582 -8.55395145512 -0.733450683679
27 G -8.55395145512 -8.78837843536 1.99711871395 -8.35234588364
27 T -8.55395145512 -8.78837843536 -8.55395145512 1.99726292223
28 A 1.99771181309 -9.12050518086 -8.88608810854 -8.68448986068
28 C -8.88608810854 1.76324658495 -8.88608810854 -0.734172704909
28 G -8.88608810854 -9.12050518086 1.99771181309 -8.68448986068
28 T -8.88608810854 -9.12050518086 -8.88608810854 1.99782631589
29 A 1.99818275478 -9.45261482501 -9.21821022483 -9.01662119611
29 C -9.21821022483 1.76371752664 -9.21821022483 -0.734746484381
29 G -9.21821022483 -9.45261482501 1.99818275478 -9.01662119611
29 T -9.21821022483 -9.45261482501 -9.21821022483 1.99827367865
30 A 1.99855672754 -9.78470294237 -9.55031404178 -9.34873661807
30 C -9.55031404178 1.76409149939 -9.55031404178 -0.735202416296
30 G -9.55031404178 -9.78470294237 1.99855672754 -9.34873661807
30 T -9.55031404178 -9.78470294237 -9.55031404178 1.99862893269
31 A 1.9988537156 -10.1167639631 -9.8823948241 -9.68083200833
31 C -9.8823948241 1.76438848744 -9.8823948241 -0.735564678601
31 G -9.8823948241 -10.1167639631 1.9988537156 -9.68083200833
31 T -9.8823948241 -10.1167639631 -9.8823948241 1.99891105867
32 A 1.99908957803 -10.4487908774 -10.2144466121 -10.0129021836
32 C -10.2144466121 1.76462434987 -10.2144466121 -0.735852498617
32 G -10.2144466121 -10.4487908774 1.99908957803 -10.0129021836
32 T -10.2144466121 -10.4487908774 -10.2144466121 1.99913512
33 A 1.99927690275 -10.7807748644 -10.5464619057 -10.3449406206
33 C -10.5464619057 1.76481167459 -10.5464619057 -0.73608116311
33 G -10.5464619057 -10.7807748644 1.99927690275 -10.3449406206
33 T -10.5464619057 -10.7807748644 -10.5464619057 1.99931307344
34 A 1.99942568273 -11.112704825 -10.8784312669 -10.6769391102
34 C -10.8784312669 1.76496045456 -10.8784312669 -0.736262823604
34 G -10.8784312669 -11.112704825 1.99942568273 -10.6769391102
34 T -10.8784312669 -11.112704825 -10.8784312669 1.99945441124
35 A 1.99954385194 -11.4445667953 -11.2103428209 -11.0088873226
35 C -11.2103428209 1.76507862377 -11.2103428209 -0.736407137967
35 G -11.2103428209 -11.4445667953 1.99954385194 -11.0088873226
35 T -11.2103428209 -11.4445667953 -11.2103428209 1.99956666998
36 A 1.99963771017 -11.7763432108 -11.5421816287 -11.3407722615
36 C -11.5421816287 1.765172482 -11.5421816287 -0.736521781229
36 G -11.5421816287 -11.7763432108 1.99963771017 -11.3407722615
36 T -11.5421816287 -11.7763432108 -11.5421816287 1.99965583404
37 A 1.99971226007 -12.1080119822 -11.8739288999 -11.6725775783
37 C -11.8739288999 1.7652470319 -11.8739288999 -0.736612852101
37 G -11.8739288999 -12.1080119822 1.99971226007 -11.6725775783
37 T -11.8739288999 -12.1080119822 -11.8739288999 1.99972665565
38 A 1.99977147442 -12.4395453374 -12.2055610055 -12.0042827113
38 C -12.2055610055 1.76530624624 -12.2055610055 -0.736685196364
38 G -12.2055610055 -12.4395453374 1.99977147442 -12.0042827113
38 T -12.2055610055 -12.4395453374 -12.2055610055 1.99978290877
39 A 1.99981850831 -12.7709083714 -12.5370482403 -12.3358618069
39 C -12.5370482403 1.76535328013 -12.5370482403 -0.73674266404
39 G -12.5370482403 -12.7709083714 1.99981850831 -12.3358618069
39 T -12.5370482403 -12.7709083714 -12.5370482403 1.99982759065
40 A 1.99985586757 -13.1020572336 -12.8683532743 -12.6672823673
40 C -12.8683532743 1.76539063939 -12.8683532743 -0.736788313868
40 G -12.8683532743 -13.1020572336 1.99985586757 -12.6672823673
40 T -12.8683532743 -13.1020572336 -12.8683532743 1.99986308174
41 A 1.99988554239 -13.4329368646 -13.1994292169 -12.9985035602
41 C -13.1994292169 1.76542031421 -13.1994292169 -0.736824575846
41 G -13.1994292169 -13.4329368646 1.99988554239 -12.9985035602
41 T -13.1994292169 -13.4329368646 -13.1994292169 1.9998912727
